0,-0.0022726,0.498048,461.006,1.00098,1,0,0,0.000976562,83.0371,235.662,16,15.8594,0.991211,0,0.00878906
1,-0.00325558,0.498476,461.015,1.00391,1.00293,0,0,0.000976562,83.0371,235.518,16.001,15.8438,1.97168,0,0.0185547
2,-0.0150511,0.49069,461.044,1.01074,1.00391,0,0.00195312,0.00195312,82.9648,235.64,16,15.6572,2.9082,0,0.0400391
3,-0.00816983,0.495095,461.051,1.01172,1.00293,0,0.00195312,0.00195312,82.9014,235.693,16.0039,15.7656,3.84961,0,0.0537109
4,0.000676864,0.499513,461.051,1.01367,1.00391,0,0.00195312,0.00195312,82.9014,235.681,16.0049,15.9102,4.82031,0,0.0585938
5,-0.0111187,0.493622,461.061,1.01465,1.00195,0,0.00292969,0.00292969,82.7988,235.715,16.0029,15.7236,5.7207,0,0.0742188
6,-0.0042381,0.49706,461.066,1.01758,1.00195,0,0.00292969,0.00292969,82.7539,235.434,16.0029,15.8311,6.64551,0,0.0849609
7,-0.000306097,0.499023,461.067,1.01758,1.00195,0,0.00292969,0.00292969,82.7852,235.434,16.0029,15.8936,7.59082,0,0.0917969
8,-0.00423808,0.49706,461.072,1.0166,1.00098,0,0.00292969,0.00292969,82.793,235.453,16.0029,15.8311,8.49414,0,0.102539
9,-0.00423826,0.497062,461.076,1.01758,1.00098,0,0.00292969,0.00292969,82.8457,235.453,16.0029,15.8311,9.38672,0,0.111328
10,-0.010136,0.494118,461.091,1.02148,1.00488,0,0.00292969,0.00292969,82.8857,235.439,16.0059,15.7373,10.2051,0,0.126953
11,-0.00227193,0.498038,461.098,1.02051,1.00391,0,0.00292969,0.00292969,82.8359,235.393,16.0059,15.8652,11.1074,0,0.134766
12,-0.00620402,0.496078,461.104,1.02148,1.00391,0,0.00292969,0.00292969,82.8779,235.239,16.0059,15.8027,11.9531,0,0.145508
13,-0.0101359,0.494117,461.104,1.02637,1.00488,0,0.00390625,0.00390625,82.9424,235.127,16.0068,15.7402,12.7207,0,0.15918
14,-0.00522084,0.496566,461.11,1.02637,1.00195,0,0.00488281,0.00488281,82.834,235.159,16.0049,15.8193,13.5518,0,0.169922
15,-0.00128919,0.498534,461.118,1.0293,1.00098,0,0.00488281,0.00488281,82.7979,235.108,16.0049,15.8789,14.4404,0,0.177734
16,-0.00325534,0.497555,461.126,1.0332,1.00098,0,0.00585938,0.00585938,82.7617,234.854,16.0068,15.8486,15.2773,0,0.186523
17,-0.00522107,0.496569,461.125,1.03223,1,0,0.00585938,0.00585938,82.7793,234.771,16.0059,15.8184,16.0869,0,0.193359
18,-0.00227253,0.498049,461.129,1.0332,0.999023,0,0.00585938,0.00585938,82.7793,234.839,16.0088,15.8652,16.9219,0,0.200195
19,-0.00718729,0.495593,461.136,1.03711,1.00098,0,0.00585938,0.00585938,82.7793,234.691,16.0098,15.7891,17.7119,0,0.210938
20,-0.00718683,0.495586,461.143,1.03809,1.00195,0,0.00585938,0.00585938,82.8564,234.755,16.0127,15.791,18.458,0,0.217773
21,-0.00128881,0.498043,461.146,1.03711,1,0,0.00585938,0.00585938,82.833,234.555,16.0127,15.8877,19.2871,0,0.225586
22,-0.000306138,0.499838,461.151,1.04297,1.00098,0,0.00683594,0.00683594,82.833,234.373,16.0117,15.9033,20.165,0,0.232422
23,-0.00522129,0.496573,461.155,1.03711,0.996094,0,0.00683594,0.00683594,82.7969,234.419,16.0107,15.8232,20.9287,0,0.239258
24,-0.00522192,0.496582,461.162,1.03809,0.994141,0,0.00585938,0.00585938,82.7764,234.604,16.0127,15.8232,21.6631,0,0.248047
25,-0.00325608,0.497566,461.166,1.04199,0.995117,0,0.00585938,0.00585938,82.7764,234.604,16.0166,15.8564,22.418,0,0.253906
26,-0.00423882,0.497072,461.167,1.04102,0.994141,0,0.00585938,0.00585938,82.7949,234.631,16.0146,15.8447,23.165,0,0.262695
27,-0.000307021,0.499037,461.177,1.04297,0.994141,0.000976562,0.00585938,0.00585938,82.8037,234.508,16.0137,15.9043,24.0127,0,0.267578
28,-0.00718799,0.495602,461.194,1.03711,0.988281,0.000976562,0.00585938,0.00585938,82.6914,234.4,16.0127,15.7949,24.6445,0,0.277344
29,-0.000307946,0.499052,461.204,1.04297,0.988281,0.000976562,0.00585938,0.00585938,82.7598,234.349,16.0137,15.9033,25.4648,0,0.283203
30,-0.00423995,0.497089,461.208,1.04492,0.990234,0.000976562,0.00585938,0.00585938,82.8262,234.349,16.0137,15.8418,26.1445,0,0.290039
31,-0.000307634,0.499047,461.209,1.0459,0.989258,0.000976562,0.00585938,0.00683594,82.79,234.31,16.0137,15.9043,26.9561,0,0.292969
32,-0.00718905,0.495668,461.218,1.04102,0.986328,0.000976562,0.00488281,0.00585938,82.7588,234.178,16.0127,15.7939,27.5967,0,0.304688
33,0.000674567,0.499549,461.219,1.04492,0.986328,0.000976562,0.00488281,0.00585938,82.7588,234.194,16.0127,15.9189,28.4316,0,0.306641
34,-0.00424019,0.497093,461.235,1.04004,0.982422,0.000976562,0.00488281,0.00585938,82.791,234.291,16.0146,15.8418,29.0977,0,0.3125
35,-0.0111218,0.49367,461.244,1.04297,0.979492,0.000976562,0.00488281,0.00585938,82.6084,234.088,16.0137,15.7334,29.5664,0,0.328125
36,-0.00325846,0.497603,461.249,1.04297,0.978516,0.000976562,0.00488281,0.00585938,82.6084,234.078,16.0127,15.8564,30.291,0,0.332031
37,-0.00424146,0.497112,461.25,1.04297,0.975586,0.000976562,0.00488281,0.00585938,82.4893,234.074,16.0117,15.8408,30.9512,0,0.336914
38,0.000672877,0.499575,461.247,1.04688,0.974609,0.000976562,0.00488281,0.00585938,82.4531,234.064,16.0107,15.918,31.8359,0,0.341797
39,-0.0111231,0.494182,461.242,1.04492,0.972656,0.000976562,0.00488281,0.00585938,82.3467,233.924,16.0088,15.7295,32.2363,0,0.356445
40,-0.00325997,0.497626,461.252,1.04785,0.97168,0.000976562,0.00390625,0.00488281,82.3877,233.828,16.0098,15.8525,32.8672,0,0.362305
41,-0.00424288,0.497134,461.261,1.0498,0.969727,0.000976562,0.00488281,0.00488281,82.3564,233.827,16.0078,15.8359,33.4912,0,0.366211
42,-0.0042432,0.497139,461.254,1.05371,0.970703,0.000976562,0.00488281,0.00585938,82.3877,233.886,16.0068,15.8369,34.1875,0,0.375
43,-0.000311075,0.4991,461.26,1.05664,0.969727,0.000976562,0.00488281,0.00585938,82.375,233.83,16.0029,15.8955,34.918,0,0.376953
44,-0.00326004,0.497628,461.262,1.05566,0.96875,0.000976562,0.00488281,0.00585938,82.3389,233.829,16.002,15.8477,35.5908,0,0.381836
45,-0.00326019,0.49763,461.271,1.05273,0.964844,0.000976562,0.00488281,0.00585938,82.1816,233.793,16.001,15.8467,36.2266,0,0.388672
46,-0.005227,0.49666,461.276,1.05859,0.964844,0.000976562,0.00488281,0.00683594,82.2041,233.858,15.999,15.8135,36.8027,0,0.396484
47,-0.00719289,0.495679,461.289,1.05371,0.958984,0.000976562,0.00488281,0.00683594,82.0566,233.85,15.998,15.7793,37.2676,0,0.401367
48,-0.00522787,0.496674,461.297,1.06055,0.957031,0.000976562,0.00585938,0.0078125,81.9277,234.098,15.9971,15.8105,37.8477,0,0.410156
49,-0.00424499,0.49766,461.307,1.06836,0.958008,0.000976562,0.00683594,0.00878906,81.9082,234.104,15.999,15.8262,38.4424,0,0.417969
50,-0.00719371,0.496182,461.317,1.07227,0.959961,0.000976562,0.0078125,0.00878906,81.8535,233.94,15.999,15.7803,38.9336,0,0.424805
51,-0.00424471,0.497163,461.316,1.07617,0.958008,0.000976562,0.0078125,0.00976562,81.7949,233.938,15.999,15.8271,39.4717,0,0.429688
52,-0.00621059,0.49618,461.334,1.07324,0.955078,0.000976562,0.0078125,0.00976562,81.7959,233.967,16.002,15.7969,39.9766,0,0.4375
53,-0.00915965,0.49471,461.348,1.07617,0.952148,0.000976562,0.00878906,0.0107422,81.5811,234.142,16.001,15.752,40.3408,0,0.445312
54,-0.00424538,0.497173,461.354,1.0791,0.949219,0.000976562,0.00878906,0.0107422,81.4473,234.207,16.002,15.8291,40.8184,0,0.453125
55,-0.00129675,0.49865,461.356,1.07715,0.945312,0.000976562,0.00878906,0.0107422,81.3799,234.115,16.0029,15.8779,41.4619,0,0.458008
56,-0.00326328,0.497678,461.363,1.08008,0.944336,0.000976562,0.00878906,0.0107422,81.2969,234.08,16.0039,15.8467,41.9834,0,0.458984
57,-0.00326355,0.497682,461.358,1.0752,0.939453,0.000976562,0.00878906,0.0107422,81.2256,234.096,15.9971,15.8486,42.543,0,0.464844
58,-0.00326429,0.497694,461.357,1.08105,0.936523,0.000976562,0.00878906,0.0117188,81.1953,234.054,15.998,15.8398,43.0557,0,0.469727
59,-0.00523063,0.496717,461.361,1.08203,0.935547,0.000976562,0.00878906,0.0117188,81.1904,233.98,15.999,15.8125,43.5146,0,0.476562
60,-0.00326495,0.498194,461.37,1.08398,0.93457,0.000976562,0.00976562,0.0126953,81.1992,233.8,16.001,15.8428,44.0078,0,0.481445
61,-0.00523073,0.497212,461.382,1.08398,0.930664,0.000976562,0.00976562,0.0126953,81.1396,233.72,16,15.8115,44.4307,0,0.491211
62,-0.000316386,0.499182,461.386,1.08789,0.930664,0.000976562,0.00976562,0.0126953,81.1396,233.701,15.9961,15.8887,45.2275,0,0.496094
63,-0.00326554,0.497712,461.401,1.08496,0.926758,0.000976562,0.00976562,0.0126953,80.9814,233.77,15.9961,15.8398,45.6572,0,0.504883
64,-0.00129995,0.4987,461.407,1.08984,0.925781,0.000976562,0.0107422,0.0136719,80.7852,233.692,15.9961,15.8721,46.3223,0,0.509766
65,0.00263194,0.500664,461.411,1.09277,0.923828,0.000976562,0.0107422,0.0136719,80.749,233.656,15.9951,15.9336,47.1143,0,0.511719
66,-0.00621513,0.49625,461.418,1.0918,0.922852,0.000976562,0.0107422,0.0146484,80.6777,233.583,15.9951,15.793,47.3877,0,0.518555
67,-0.000317471,0.499199,461.412,1.0957,0.921875,0.000976562,0.0107422,0.0146484,80.6963,233.536,15.9961,15.8857,47.9629,0,0.518555
68,-0.00424958,0.497487,461.423,1.09863,0.920898,0.000976562,0.0117188,0.015625,80.6348,233.55,15.9932,15.8232,48.4395,0,0.522461
69,-0.00523229,0.496743,461.437,1.10352,0.925781,0.000976562,0.0117188,0.015625,80.6729,233.427,15.9951,15.8057,48.7832,0,0.530273
70,-0.00818049,0.495262,461.449,1.09961,0.920898,0.000976562,0.0107422,0.0146484,80.6143,233.361,15.9932,15.7598,49.0078,0,0.537109
71,-0.00523253,0.497239,461.458,1.09766,0.913086,0.000976562,0.0107422,0.0146484,80.5264,233.279,15.9932,15.8057,49.377,0,0.536133
72,-0.0032668,0.498243,461.465,1.10059,0.911133,0.000976562,0.0107422,0.0146484,80.5342,233.164,15.9961,15.8389,49.917,0,0.543945
73,-0.00719964,0.496275,461.478,1.10352,0.90918,0.000976562,0.0107422,0.0146484,80.4492,233.266,15.9961,15.7764,50.2275,0,0.550781
74,-0.00523402,0.496771,461.475,1.09863,0.904297,0.000976562,0.0107422,0.0146484,80.3018,233.293,15.9932,15.8086,50.6045,0,0.554688
75,-0.00621799,0.496786,461.466,1.10449,0.900391,0.000976562,0.0107422,0.0146484,80.2119,233.152,15.9883,15.7891,50.8564,0,0.55957
76,-0.01015,0.494918,461.482,1.10254,0.896484,0.000976562,0.0107422,0.0146484,80.1006,232.891,15.9893,15.7227,50.8701,0,0.571289
77,-0.00326979,0.497779,461.497,1.11719,0.898438,0.000976562,0.0126953,0.0166016,80.1641,232.777,15.9893,15.834,51.3457,0,0.572266
78,-0.00523474,0.496783,461.506,1.11426,0.896484,0.000976562,0.0126953,0.0166016,80.0771,232.842,15.9883,15.8027,51.8076,0,0.573242
79,0.00164517,0.500233,461.505,1.11719,0.893555,0.000976562,0.0126953,0.0166016,80.041,232.857,15.9893,15.9102,52.5205,0,0.576172
80,-0.00228661,0.498268,461.511,1.11621,0.892578,0.000976562,0.0126953,0.0166016,79.916,232.759,15.9863,15.8477,52.9658,0,0.576172
81,-0.00327008,0.497784,461.512,1.11328,0.887695,0.000976562,0.0126953,0.0166016,79.8037,232.802,15.9883,15.833,53.5488,0,0.581055
82,-0.00523674,0.496813,461.53,1.11426,0.882812,0.000976562,0.0126953,0.0166016,79.6895,232.805,15.9883,15.8008,53.9912,0,0.589844
83,-0.00228853,0.498297,461.545,1.11719,0.879883,0.000976562,0.0126953,0.0166016,79.5723,232.849,15.9854,15.8477,54.5703,0,0.595703
84,-0.00425499,0.497323,461.556,1.1123,0.873047,0.000976562,0.0126953,0.0166016,79.4834,233.096,15.9883,15.8125,54.9854,0,0.598633
85,-0.00523876,0.496844,461.56,1.1123,0.868164,0.000976562,0.0126953,0.0166016,79.3564,233.09,15.9834,15.7988,55.4619,0,0.603516
86,-0.00229089,0.498332,461.572,1.11816,0.866211,0.000976562,0.0126953,0.0166016,79.2764,233.018,15.9834,15.8428,55.9219,0,0.605469
87,-0.00524039,0.49736,461.586,1.12793,0.864258,0.000976562,0.015625,0.0185547,79.0547,233.143,15.9824,15.7959,56.1523,0,0.606445
88,-0.00130838,0.49883,461.598,1.13184,0.862305,0.000976562,0.015625,0.0185547,79.0186,233.146,15.9814,15.8574,56.6006,0,0.604492
89,0.00164002,0.500312,461.607,1.13672,0.862305,0.000976562,0.0166016,0.0185547,78.9004,233.084,15.9824,15.9033,57.3564,0,0.607422
90,-0.00622377,0.496385,461.608,1.125,0.856445,0.000976562,0.015625,0.0185547,78.8154,233.257,15.9834,15.7812,57.7686,0,0.609375
91,-0.00327586,0.497873,461.619,1.1377,0.853516,0.000976562,0.0166016,0.0195312,78.79,233.29,15.9863,15.8281,58.1592,0,0.613281
92,-0.000327366,0.498376,461.628,1.14453,0.851562,0.000976562,0.0175781,0.0205078,78.9307,233.207,15.9902,15.8779,58.6201,0,0.615234
93,-0.00327655,0.497883,461.638,1.14551,0.849609,0.000976562,0.0175781,0.0205078,78.9824,233.018,15.9932,15.833,59.0693,0,0.62207
94,-0.00819112,0.495425,461.658,1.14941,0.845703,0.000976562,0.0195312,0.0224609,78.8613,232.912,15.9873,15.7588,59.0947,0,0.632812
95,-0.00327685,0.497888,461.676,1.15527,0.84375,0.000976562,0.0205078,0.0234375,78.8398,232.973,15.9873,15.8311,59.5479,0,0.635742
96,-0.00524297,0.49691,461.684,1.1543,0.836914,0.000976562,0.0205078,0.0234375,78.7412,232.969,15.9893,15.7988,59.6445,0,0.636719
97,-0.00622777,0.497253,461.699,1.15039,0.831055,0.000976562,0.0185547,0.0214844,78.6748,233.057,15.9902,15.7861,59.9531,0,0.643555
98,-0.00327993,0.497935,461.711,1.15723,0.826172,0.000976562,0.0195312,0.0224609,78.7393,233.034,15.9893,15.833,60.292,0,0.648438
99,-0.00524592,0.497029,461.726,1.15723,0.822266,0.000976562,0.0205078,0.0224609,78.5771,232.725,15.9873,15.7988,60.4834,0,0.655273
100,-0.00721247,0.496051,461.717,1.15723,0.817383,0.000976562,0.0195312,0.0224609,78.4033,232.896,15.9824,15.7676,60.7588,0,0.660156
101,-0.00426399,0.497952,461.729,1.1582,0.814453,0.000976562,0.0195312,0.0224609,78.2559,232.746,15.9814,15.8135,61.1709,0,0.663086
102,-0.00229924,0.498462,461.746,1.16113,0.810547,0.000976562,0.0195312,0.0214844,78.2266,232.665,15.9824,15.8408,61.4678,0,0.666016
103,-0.00229962,0.499448,461.754,1.16211,0.80957,0.000976562,0.0195312,0.0214844,78.1006,232.681,15.9824,15.8389,62.1045,0,0.668945
104,-0.00721464,0.496015,461.768,1.16797,0.807617,0.000976562,0.0214844,0.0234375,78.0898,232.711,15.9854,15.7637,62.124,0,0.673828
105,-0.00524851,0.496994,461.77,1.16699,0.802734,0.000976562,0.0214844,0.0234375,78.0996,233.02,15.9873,15.7988,62.3369,0,0.673828
106,-0.00524974,0.497013,461.797,1.17285,0.800781,0.000976562,0.0214844,0.0234375,78.1318,233.106,15.9883,15.8018,62.6533,0,0.675781
107,-0.00131819,0.499043,461.8,1.16895,0.794922,0.000976562,0.0205078,0.0224609,78.0586,232.987,15.9893,15.8643,63.2158,0,0.681641
108,-0.00131883,0.498992,461.823,1.16797,0.788086,0.000976562,0.0205078,0.0224609,77.9219,232.864,15.9883,15.8652,63.6104,0,0.681641
109,0.000646239,0.499988,461.824,1.1709,0.786133,0,0.0205078,0.0224609,77.9189,232.788,15.9902,15.8955,64.2617,0,0.686523
110,-0.00623422,0.496546,461.833,1.16602,0.785156,0,0.0205078,0.0224609,77.9463,232.793,15.9902,15.7861,64.5996,0,0.69043
111,-0.00033738,0.499506,461.83,1.1709,0.782227,0,0.0205078,0.0214844,77.9463,232.979,15.9941,15.8818,65.3584,0,0.69043
112,-0.00426933,0.497544,461.839,1.17676,0.782227,0,0.0224609,0.0234375,77.7256,232.951,15.9971,15.8213,65.6611,0,0.695312
113,-0.00721799,0.496558,461.867,1.17773,0.777344,0,0.0234375,0.0234375,77.5762,232.84,15.9951,15.7783,65.5771,0,0.699219
114,-0.000338168,0.499519,461.867,1.17969,0.773438,0,0.0224609,0.0234375,77.6455,232.687,15.9951,15.8857,66.1895,0,0.702148
115,-0.00820296,0.495607,461.885,1.18066,0.771484,0,0.0224609,0.0224609,77.5586,232.758,15.999,15.7598,66.001,0,0.704102
116,0.000643345,0.500032,461.886,1.18457,0.767578,0,0.0214844,0.0224609,77.5264,232.543,15.9961,15.9043,66.5918,0,0.708008
117,-0.00623684,0.497378,461.894,1.18652,0.767578,0,0.0224609,0.0234375,77.5459,232.54,16,15.7949,66.8477,0,0.711914
118,-0.00722027,0.496593,461.901,1.18945,0.763672,0,0.0224609,0.0234375,77.4932,232.696,16.001,15.7822,67.0264,0,0.72168
119,0.00260881,0.501512,461.907,1.19434,0.763672,0,0.0224609,0.0234375,77.4932,232.701,16.001,15.9385,67.7168,0,0.71582
120,-0.00525539,0.498082,461.919,1.18848,0.757812,0,0.0224609,0.0234375,77.3633,232.469,15.9922,15.8115,67.8311,0,0.720703
121,-0.00328993,0.498089,461.916,1.19434,0.754883,0,0.0224609,0.0234375,77.2832,232.368,15.9902,15.835,68.1699,0,0.727539
122,-0.00623918,0.497113,461.938,1.19434,0.751953,0,0.0224609,0.0234375,77.2646,232.248,15.9902,15.7881,68.4492,0,0.734375
123,-0.00329098,0.497129,461.947,1.18848,0.748047,0,0.0214844,0.0224609,77.2812,231.985,15.9863,15.832,68.792,0,0.735352
124,-0.00623992,0.496633,461.951,1.18848,0.745117,0,0.0214844,0.0214844,77.2266,231.938,15.9893,15.7832,69.0156,0,0.734375
125,-0.00525786,0.497631,461.968,1.18945,0.738281,0,0.0214844,0.0214844,77.0957,231.907,15.9893,15.7998,69.0068,0,0.738281
126,-0.00624212,0.496666,461.972,1.18848,0.734375,0,0.0214844,0.0214844,77.0088,231.863,15.9863,15.7861,69.1582,0,0.744141
127,-0.00427657,0.497655,461.979,1.19238,0.732422,0,0.0214844,0.0214844,77.041,231.924,15.9893,15.8154,69.4346,0,0.742188
128,-0.00329408,0.498644,461.995,1.19531,0.728516,0,0.0224609,0.0224609,76.9727,231.841,15.9912,15.833,69.7422,0,0.742188
129,-0.00624349,0.496688,461.998,1.19531,0.726562,0,0.0214844,0.0214844,76.9414,231.907,15.9912,15.7861,70.0156,0,0.745117
130,-0.00427833,0.497682,462.019,1.19141,0.72168,0,0.0205078,0.0205078,76.9131,231.7,15.9951,15.8203,70.2861,0,0.743164
131,-0.0101763,0.492786,462.037,1.19141,0.717773,0,0.0205078,0.0205078,76.9277,231.811,16.001,15.7324,70.1592,0,0.742188
